Номер) Внутренний ID - количество ссылок
1) 54 - 145
2) 148 - 139
3) 128 - 131
4) 17 - 100
5) 51 - 98
6) 99 - 94
7) 187 - 94
8) 151 - 92
9) 119 - 90
10) 124 - 90
11) 163 - 90
12) 162 - 87
13) 117 - 86
14) 38 - 84
15) 53 - 84
16) 81 - 84
17) 118 - 83
18) 47 - 82
19) 94 - 82
20) 29 - 79
21) 121 - 79
22) 71 - 74
23) 70 - 73
24) 72 - 73
25) 120 - 72
26) 139 - 72
27) 95 - 71
28) 107 - 71
29) 153 - 71
30) 66 - 70
31) 92 - 65
32) 20 - 63
33) 134 - 63
34) 45 - 62
35) 166 - 62
36) 27 - 61
37) 4 - 60
38) 16 - 60
39) 63 - 60
40) 67 - 60
41) 83 - 60
42) 87 - 60
43) 131 - 59
44) 73 - 58
45) 111 - 58
46) 115 - 58
47) 122 - 58
48) 146 - 58
49) 164 - 58
50) 143 - 57
51) 8 - 56
52) 77 - 56
53) 97 - 56
54) 93 - 55
55) 5 - 54
56) 28 - 54
57) 30 - 54
58) 52 - 54
59) 85 - 54
60) 91 - 54
61) 156 - 54
62) 169 - 54
63) 180 - 54
64) 48 - 53
65) 78 - 53
66) 116 - 52
67) 170 - 52
68) 184 - 52
69) 159 - 51
70) 160 - 51
71) 42 - 49
72) 23 - 48
73) 33 - 48
74) 105 - 48
75) 130 - 48
76) 154 - 48
77) 68 - 47
78) 11 - 46
79) 82 - 46
80) 132 - 46
81) 57 - 45
82) 183 - 45
83) 14 - 44
84) 24 - 44
85) 80 - 44
86) 150 - 44
87) 84 - 43
88) 22 - 42
89) 49 - 42
90) 113 - 41
91) 25 - 40
92) 60 - 40
93) 62 - 40
94) 158 - 40
95) 181 - 40
96) 31 - 39
97) 36 - 39
98) 89 - 39
99) 172 - 39
100) 32 - 38
101) 65 - 38
102) 79 - 38
103) 141 - 38
104) 144 - 38
105) 188 - 38
106) 69 - 37
107) 125 - 37
108) 1 - 36
109) 21 - 36
110) 59 - 36
111) 104 - 36
112) 114 - 36
113) 135 - 36
114) 37 - 35
115) 43 - 35
116) 106 - 34
117) 55 - 33
118) 58 - 33
119) 129 - 33
120) 179 - 33
121) 7 - 32
122) 18 - 32
123) 26 - 32
124) 76 - 32
125) 110 - 32
126) 123 - 32
127) 157 - 32
128) 41 - 31
129) 34 - 30
130) 178 - 29
131) 6 - 28
132) 19 - 28
133) 100 - 28
134) 127 - 28
135) 149 - 28
136) 108 - 27
137) 50 - 26
138) 86 - 26
139) 88 - 26
140) 109 - 26
141) 176 - 26
142) 3 - 25
143) 40 - 24
144) 64 - 24
145) 112 - 24
146) 147 - 24
147) 174 - 24
148) 182 - 24
149) 96 - 23
150) 101 - 23
151) 12 - 22
152) 35 - 22
153) 44 - 22
154) 142 - 22
155) 168 - 22
156) 186 - 22
157) 161 - 21
158) 175 - 21
159) 74 - 20
160) 102 - 20
161) 103 - 20
162) 75 - 19
163) 9 - 18
164) 46 - 18
165) 56 - 16
166) 138 - 16
167) 173 - 16
168) 185 - 16
169) 13 - 14
170) 15 - 14
171) 133 - 14
172) 152 - 14
173) 165 - 14
174) 171 - 14
175) 177 - 14
176) 61 - 12
177) 136 - 12
178) 137 - 12
179) 10 - 10
180) 90 - 10
181) 145 - 10
182) 189 - 10
183) 2 - 8
184) 98 - 8
185) 167 - 8
186) 126 - 7
187) 140 - 4
188) 39 - 2
